-6.244218	53.349671	-6.222784	53.417644	0.00	0.00	1507.99	7569.75
53.3512692	-6.225991	53.3525145	-6.2249883	4	1328.56	179.87	1357.45	255.06	1373.20	289.91	1389.89	320.95	
53.4059562	-6.2300853	53.4029432	-6.2329985	3	819.95	6251.10	782.25	6180.92	639.35	5908.50	
53.3967502	-6.2389443	53.3956152	-6.2397522	4	270.85	5204.45	259.10	5174.64	225.79	5087.55	222.03	5076.15	
53.3583409	-6.231985	53.3962116	-6.2396235	27	899.20	950.83	807.18	1084.71	794.22	1120.13	782.60	1151.97	759.69	1226.67	739.52	1304.33	729.02	1390.92	719.78	1444.76	709.80	1500.29	698.23	1564.63	611.66	1800.86	454.73	2235.29	437.62	2270.92	74.20	2650.40	44.64	2712.78	18.18	2805.86	4.22	3019.18	0.00	3609.22	39.24	3857.85	86.89	4207.60	99.22	4332.09	132.55	4615.58	139.36	4719.97	158.80	4918.94	170.67	4960.53	183.25	5010.54	228.02	5142.80	
53.352428	-6.2247569	53.3512607	-6.2257328	4	1405.67	311.93	1394.64	293.38	1366.96	231.08	1345.78	179.59	
53.3512607	-6.2257328	53.3496706	-6.2267967	5	1345.78	179.59	1345.04	177.68	1325.75	127.43	1306.02	78.58	1281.85	0.00	
53.3527704	-6.2245117	53.3560814	-6.227905	19	1420.50	350.64	1450.27	384.15	1462.70	400.97	1472.41	416.93	1483.19	440.94	1488.90	465.21	1490.86	485.67	1489.61	506.00	1485.87	525.32	1476.62	550.84	1467.00	567.87	1457.36	579.64	1447.61	588.76	1424.58	607.25	1386.41	627.25	1340.30	646.71	1289.01	665.52	1237.51	683.82	1180.41	710.09	
53.3525145	-6.2249883	53.3527704	-6.2245117	0
53.3992923	-6.2366221	53.3972368	-6.2384998	0
53.3956152	-6.2397522	53.3582904	-6.2316372	28	222.03	5076.15	196.40	4994.16	175.68	4918.71	156.08	4644.89	128.73	4428.61	115.31	4329.49	103.79	4213.96	17.12	3609.88	18.49	3019.73	38.05	2809.48	64.40	2719.25	88.15	2659.50	451.56	2280.01	466.99	2253.31	472.78	2241.96	630.99	1807.72	657.49	1736.59	693.70	1647.02	719.57	1571.50	729.77	1513.86	742.85	1439.95	749.44	1380.30	752.92	1327.67	762.10	1275.26	774.30	1218.68	790.18	1177.93	837.03	1075.63	922.55	946.11	
53.3972368	-6.2384998	53.3967502	-6.2389443	0
53.4029432	-6.2329985	53.400719	-6.2351691	3	639.35	5908.50	529.30	5702.09	504.68	5655.55	
53.4105571	-6.2262946	53.4061831	-6.2299107	10	1051.97	6772.57	1042.35	6741.69	1023.62	6692.78	1004.76	6640.73	978.57	6575.62	962.72	6539.74	949.36	6508.12	927.96	6463.16	890.46	6385.17	830.57	6276.79	
53.4016827	-6.2347159	53.4062861	-6.2301376	0
53.4062861	-6.2301376	53.4176436	-6.2227843	14	815.05	6287.65	858.00	6370.20	882.91	6422.92	921.30	6508.77	972.29	6631.40	989.34	6676.84	1009.44	6730.87	1034.45	6803.46	1071.59	6920.94	1113.64	7074.15	1144.74	7185.68	1153.16	7214.49	1202.31	7390.50	1254.53	7569.75	
53.400719	-6.2351691	53.3992923	-6.2366221	0
53.4061831	-6.2299107	53.4059562	-6.2300853	0
53.3582904	-6.2316372	53.3579375	-6.2312032	3	922.55	946.11	936.44	926.65	952.95	907.98	
53.3962116	-6.2396235	53.3972919	-6.2388539	4	228.02	5142.80	232.33	5157.31	247.62	5195.78	274.53	5264.93	
53.3531035	-6.2236718	53.352428	-6.2247569	0
53.3560814	-6.227905	53.3575991	-6.230939	7	1180.41	710.09	1157.96	723.18	1116.73	744.91	1107.33	749.87	1070.08	775.89	1025.10	818.46	971.99	871.03	
53.3578799	-6.2313572	53.3583409	-6.231985	3	942.95	901.18	920.45	923.39	899.20	950.83	
53.3575991	-6.230939	53.3578799	-6.2313572	0
53.3576615	-6.2307869	53.3531035	-6.2236718	22	981.84	878.36	1022.06	840.97	1070.74	805.53	1162.51	750.03	1216.55	722.91	1226.92	718.52	1278.23	693.58	1358.15	657.31	1406.25	636.50	1428.53	624.34	1445.66	612.72	1465.72	594.84	1479.44	578.66	1489.13	564.66	1496.98	546.34	1502.33	527.33	1506.29	508.02	1507.99	488.16	1506.53	462.63	1501.57	439.19	1489.96	413.43	1474.95	389.86	
53.3579375	-6.2312032	53.3576615	-6.2307869	0
53.3972919	-6.2388539	53.4016827	-6.2347159	4	274.53	5264.93	318.48	5360.04	392.76	5502.57	530.65	5763.89	
