53.3497	-6.24422	53.4176	-6.22278
53.3513	-6.22599	53.3525	-6.22499	53.3513	-6.22427	53.352	-6.22383	53.3523	-6.2236	53.3526	-6.22335
53.406	-6.23009	53.4029	-6.233	53.4058	-6.23189	53.4052	-6.23246	53.4028	-6.23461
53.3968	-6.23894	53.3956	-6.23975	53.3964	-6.24015	53.3962	-6.24032	53.3954	-6.24082	53.3953	-6.24088
53.3583	-6.23198	53.3962	-6.23962	53.3582	-6.23071	53.3594	-6.23209	53.3597	-6.23229	53.36	-6.23246	53.3607	-6.23281	53.3614	-6.23311	53.3622	-6.23327	53.3627	-6.23341	53.3632	-6.23356	53.3637	-6.23373	53.3659	-6.23503	53.3698	-6.23739	53.3701	-6.23764	53.3735	-6.2431	53.374	-6.24355	53.3749	-6.24394	53.3768	-6.24415	53.3821	-6.24422	53.3843	-6.24363	53.3875	-6.24291	53.3886	-6.24273	53.3911	-6.24223	53.3921	-6.24212	53.3939	-6.24183	53.3942	-6.24165	53.3947	-6.24146	53.3959	-6.24079
53.3524	-6.22476	53.3513	-6.22573	53.3525	-6.22311	53.3523	-6.22327	53.3517	-6.22369	53.3513	-6.22401
53.3513	-6.22573	53.3497	-6.2268	53.3513	-6.22401	53.3513	-6.22402	53.3508	-6.22431	53.3504	-6.22461	53.3497	-6.22497
53.3528	-6.22451	53.3561	-6.2279	53.3528	-6.22289	53.3531	-6.22244	53.3533	-6.22225	53.3534	-6.22211	53.3536	-6.22194	53.3538	-6.22186	53.354	-6.22183	53.3542	-6.22185	53.3544	-6.2219	53.3546	-6.22204	53.3548	-6.22219	53.3549	-6.22233	53.355	-6.22248	53.3551	-6.22282	53.3553	-6.2234	53.3555	-6.22409	53.3556	-6.22486	53.3558	-6.22563	53.3561	-6.22649
53.3525	-6.22499	53.3528	-6.22451
53.3993	-6.23662	53.3972	-6.2385
53.3956	-6.23975	53.3583	-6.23164	53.3953	-6.24088	53.3945	-6.24127	53.3939	-6.24158	53.3914	-6.24187	53.3895	-6.24228	53.3886	-6.24248	53.3875	-6.24266	53.3821	-6.24396	53.3768	-6.24394	53.3749	-6.24365	53.3741	-6.24325	53.3736	-6.24289	53.3702	-6.23743	53.3699	-6.2372	53.3698	-6.23712	53.3659	-6.23474	53.3653	-6.23434	53.3645	-6.2338	53.3638	-6.23341	53.3633	-6.23326	53.3626	-6.23306	53.3621	-6.23296	53.3616	-6.23291	53.3611	-6.23277	53.3606	-6.23259	53.3603	-6.23235	53.3593	-6.23165	53.3582	-6.23036
53.3972	-6.2385	53.3968	-6.23894
53.4029	-6.233	53.4007	-6.23517	53.4028	-6.23461	53.4009	-6.23626	53.4005	-6.23663
53.4106	-6.22629	53.4062	-6.22991	53.4105	-6.2284	53.4102	-6.22854	53.4098	-6.22883	53.4093	-6.22911	53.4088	-6.2295	53.4084	-6.22974	53.4081	-6.22994	53.4077	-6.23026	53.407	-6.23083	53.4061	-6.23173
53.4017	-6.23472	53.4063	-6.23014
53.4063	-6.23014	53.4176	-6.22278	53.4062	-6.23196	53.4069	-6.23132	53.4074	-6.23094	53.4082	-6.23036	53.4093	-6.2296	53.4097	-6.22934	53.4101	-6.22904	53.4108	-6.22866	53.4119	-6.2281	53.4132	-6.22747	53.4142	-6.227	53.4145	-6.22688	53.4161	-6.22614	53.4177	-6.22535
53.4007	-6.23517	53.3993	-6.23662
53.4062	-6.22991	53.406	-6.23009
53.3583	-6.23164	53.3579	-6.2312	53.3582	-6.23036	53.358	-6.23015	53.3578	-6.22991
53.3962	-6.23962	53.3973	-6.23885	53.3959	-6.24079	53.396	-6.24073	53.3964	-6.2405	53.397	-6.24009
53.3531	-6.22367	53.3524	-6.22476
53.3561	-6.2279	53.3576	-6.23094	53.3561	-6.22649	53.3562	-6.22683	53.3564	-6.22745	53.3564	-6.22759	53.3566	-6.22815	53.357	-6.22882	53.3575	-6.22962
53.3579	-6.23136	53.3583	-6.23198	53.3578	-6.23006	53.358	-6.23039	53.3582	-6.23071
53.3576	-6.23094	53.3579	-6.23136
53.3577	-6.23079	53.3531	-6.22367	53.3576	-6.22947	53.3572	-6.22887	53.3569	-6.22814	53.3564	-6.22676	53.3562	-6.22595	53.3561	-6.22579	53.3559	-6.22502	53.3556	-6.22382	53.3554	-6.2231	53.3553	-6.22276	53.3552	-6.22251	53.355	-6.22221	53.3549	-6.222	53.3547	-6.22185	53.3546	-6.22174	53.3544	-6.22166	53.3542	-6.2216	53.3541	-6.22157	53.3538	-6.22159	53.3536	-6.22167	53.3534	-6.22184	53.3532	-6.22207
53.3579	-6.2312	53.3577	-6.23079
53.3973	-6.23885	53.4017	-6.23472	53.397	-6.24009	53.3978	-6.23943	53.3991	-6.23831	53.4015	-6.23624
53.3973	-6.23885	53.4017	-6.23472	53.4015	-6.23624	53.4015	-6.23624	53.4015	-6.23624	53.4015	-6.23624
